99765.54784302953
99797.77002855868
99797.02366591753
99753.57083731645
99776.66540882908
99753.43160002674
99753.37432203576
99761.66111722728
99753.3260331758
99739.13585285508
99711.81950820709
99734.15451868722
99734.13443803764
99734.1151741597
99690.48920872912
99732.3117981995
99727.34176602545
99681.15942171463
99713.91117504844
99714.0298440631
99713.88523869491
99733.4421485973
99733.17528246381
99713.02257554197
99713.01610000452
99726.56607584056
99719.78995677212
99726.56948247543
99713.02325841264
99713.02325841264
99712.887858612
99713.0187591998
99712.88339950787
99697.58504576194
99697.31898743592
99678.14615342274
99650.94828372936
99670.85444653212
99666.36235701808
99666.48245338124
99666.48245338124
99664.0223765923
99659.2105758507
99659.2105758507
99674.13650884319
99674.13650884319
99637.85890868094
99637.83683752787
99637.83683752787
99674.26806480056
99677.99398577162
99678.40052576776
99678.40052576776
99678.40052576776
99714.59940170558
99647.49546258687
99647.49546258687
99647.36436208422
99647.50253430581
99659.64630140993
99678.35430131563
99678.49287909272
99678.47887753893
99678.20098423772
99678.19244420528
99678.33161584582
99678.33039472878
99678.33039472878
99678.33006442306
99678.33006442306
99663.99117556817
99663.99117556817
99663.851963055
99663.851963055
99663.99117556817
99663.99117556817
99663.99117556817
99663.9871494757
99663.9871494757
99678.33696634433
99678.33696634433
99678.33696634433
99694.07996931672
99713.7180738436
99713.7180738436
99713.73431758957
99714.15082099263
99714.15767499115
99714.15767499115
99714.98959910832
99715.00537608817
99716.66423999346
99716.54225893313
99714.88853104718
99716.28195180424
99716.55676678415
99716.55676678415
99716.70757749892
99730.41208677283
99736.8669335971
99736.73024975632
99736.73024975632
99736.87958593378
99736.87958593378
99736.89903584764
99736.89903584764
99736.89903584764
99736.91729847096
99736.91729847096
99736.78194903192
99736.79921777092
99736.93411276466
99736.93411276466
99736.93411276466
99736.95045590735
99736.95045590735
99737.3538506303
99737.3538506303
99737.36976671674
99737.23573197475
99737.36976671674
99737.36976671674
99737.38462807566
99737.38462807566
99737.26389008747
99737.26389008747
99737.3971941174
99737.40836725492
99737.40836725492
99737.27535725493
99737.417970369
99737.417970369
99538.63828608004
99538.63828608004
99538.63828608004
99538.63828608004
99538.63828608004
99538.63828608004
99538.50576073772
99538.50576073772
99548.97526278
99548.97526278
99548.97526278
99549.14468871993
99549.14468871993
99549.14468871993
99549.01663870212
99549.07309649736
99549.19965519913
99549.19965519913
99549.19965519913
99549.19965519913
99598.82181463076
99598.06422746854
99598.06422746854
99570.79108962878
99571.12763266692
99571.12763266692
99594.48602488068
99592.60796319516
99592.60796319516
99591.27307100614
99591.27307100614
99591.27307100614
99588.28479525502
99588.28479525502
99588.28479525502
99586.32695941807
99591.1565160323
99603.95325682827
99603.95325682827
99615.3997065356
99619.85046703223
99619.85046703223
99619.85046703223
99619.85046703223
99620.25599783988
99620.25599783988
99620.25599783988
99620.25599783988
99620.26950966333
99620.1996374475
99632.70676407992
99639.91525882127
99639.91525882127
99640.3970850063
99640.3970850063
99640.3970850063
99661.8941582304
99650.94196826848
99657.09313371949
99657.1165577521
99656.56977522308
99656.28108681258
99660.42846474359
99660.43035085955
99660.43035085955
99661.3489082446
99661.3489082446
99661.75871690377
99661.75871690377
99661.75871690377
99661.69538661386
99661.33851167384
99661.33851167384
99661.33851167384
99661.33851167384
99660.96811333534
99660.96811333534
99660.96811333534
99660.94111554397
99656.81319259643
99656.14325045291
99661.16006810768
99661.16006810768
99652.79230617842
99651.93424987266
99666.17731848602
99666.17731848602
99666.17731848602
99666.41625725369
99666.41625725369
99673.55465821303
99673.48181738691
99673.55465821303
99663.04116322703
99660.25273102897
99660.25273102897
99662.26544351727
99660.98462647927
99646.52969133607
